%YAML:1.0
---
calibration_time: "Wed Mar 23 13:04:56 2022"
image_width: 1919
image_height: 1079
flags: 0
camera_matrix: !!opencv-matrix
   rows: 3
   cols: 3
   dt: d
   data: [ 1.5161501918922642e+01, 0., 9.5900000035206608e+02, 0.,
       1.0103588491391193e+02, 5.3900000003005130e+02, 0., 0., 1. ]
distortion_coefficients: !!opencv-matrix
   rows: 1
   cols: 5
   dt: d
   data: [ -2.6363726655637197e-04, 2.3925140668188115e-06,
       -1.7441721220019157e-03, 5.3512627330953378e-03,
       -1.9197460811077839e-09 ]
avg_reprojection_error: 5.2748493794036881e+02
