%YAML:1.0
---
image_width: 1440
image_height: 1080
camera_matrix: !!opencv-matrix
   rows: 3
   cols: 3
   dt: f
   data: [ 1.55093103e+03, 0., 7.55042358e+02, 0., 1.55693408e+03,
       5.77357971e+02, 0., 0., 1. ]
distortion_coefficients: !!opencv-matrix
   rows: 1
   cols: 5
   dt: f
   data: [ -3.51955801e-01, 1.82084709e-01, -3.69932852e-03,
       -5.50778117e-04, -1.27659604e-01 ]
